Time: 2020-05-29 11:24:17
{
    "Q7wCC":{
        "output":"278.726300 0\n0 6 7 8 3 1 0\n0 14 13 4 15 10 5 0\n0 11 2 9 12 0\n1.000"
    },
    "5c314":{
        "output":"607.650946 0\n0 3 0\n0 16 13 21 20 0\n0 10 25 4 2 0\n0 19 15 0\n0 23 1 6 14 0\n0 24 18 22 0\n0 12 11 8 9 0\n0 17 5 7 0\n1.000"
    },
    "nUAU4":{
        "output":"524.611147 0\n0 27 48 23 7 43 24 25 14 6 0\n0 46 5 49 10 39 33 45 15 44 37 12 0\n0 32 1 22 20 35 36 3 28 31 26 8 0\n0 38 9 30 34 50 16 21 29 2 11 0\n0 18 13 41 40 19 42 17 4 47 0\n1.000"
    },
    "QQs4z":{
        "output":"819.557544 0\n0 67 65 63 74 62 66 0\n0 55 54 53 56 58 60 59 57 0\n0 5 3 7 8 11 9 6 4 2 1 75 0\n0 69 68 64 61 72 80 79 77 73 70 71 76 78 81 0\n0 32 33 31 35 37 38 39 36 34 0\n0 21 22 23 26 28 30 29 27 25 24 20 0\n0 98 96 95 94 92 93 97 100 99 0\n0 43 42 41 40 44 46 45 48 51 50 52 49 47 0\n0 91 89 88 85 84 82 83 86 87 90 0\n0 13 17 18 19 15 16 14 12 10 0\n1.000"
    },
    "EV1zA":{
        "output":"1354.449788 0\n0 149 179 130 165 55 25 170 67 23 186 56 197 198 0\n0 62 11 175 107 19 123 168 47 124 48 82 0\n0 156 89 166 118 60 18 153 106 194 7 182 127 0\n0 26 110 4 155 139 187 39 72 21 180 105 0\n0 99 93 85 91 193 100 98 37 97 117 58 152 53 0\n0 13 87 144 57 145 41 22 133 75 74 171 73 40 0\n0 76 196 102 50 176 132 69 162 31 190 146 0\n0 83 199 114 8 174 46 36 143 49 64 126 159 148 88 52 0\n0 157 33 185 81 78 34 164 135 35 136 65 71 51 1 0\n0 120 9 161 103 66 188 20 128 160 70 0\n0 27 101 122 30 131 32 181 63 90 108 189 10 167 0\n0 147 6 96 104 59 92 151 95 94 183 112 0\n0 195 109 54 134 163 24 29 121 169 129 79 3 158 111 0\n0 2 115 178 15 43 14 192 119 44 191 141 16 61 173 0\n0 154 138 12 177 150 80 68 77 116 184 28 0\n0 137 172 42 142 38 140 86 113 17 45 125 84 5 0\n1.000"
    },
    "5U5So":{
        "output":"1872.621116 0\n0 29 89 149 209 183 123 63 3 0\n0 99 159 219 278 303 243 269 218 158 98 38 0\n0 204 263 264 323 382 383 324 246 259 186 199 0\n0 409 410 411 370 416 310 351 350 290 230 0\n0 28 33 88 93 148 122 62 81 30 2 0\n0 52 57 58 118 178 237 292 245 185 165 105 0\n0 39 8 95 68 155 214 154 94 34 0\n0 53 14 113 173 74 75 11 177 232 172 117 112 5 0\n0 317 372 377 378 379 366 384 306 319 318 258 0\n0 12 17 77 132 120 192 137 78 6 83 82 13 0\n0 54 114 234 285 305 365 405 354 345 294 235 175 0\n0 297 358 359 311 376 371 419 418 417 412 357 352 0\n0 104 164 169 224 244 304 404 349 344 289 284 229 170 0\n0 102 103 69 163 222 281 336 276 221 216 161 156 101 96 36 0\n0 35 128 188 280 339 398 363 389 338 329 0\n0 55 56 116 176 130 171 70 111 110 109 49 44 0\n0 314 413 360 374 375 316 251 299 298 239 238 0\n0 21 141 182 201 150 151 92 7 91 32 31 0\n0 20 25 80 85 140 145 200 181 121 61 0\n0 152 272 332 307 387 367 392 391 390 331 271 0\n0 231 190 291 250 356 415 414 355 296 295 236 0\n0 226 277 286 337 346 397 364 406 347 287 228 227 168 48 0\n0 215 275 335 308 400 368 395 394 393 388 333 328 268 0\n0 205 265 266 326 327 386 385 361 373 322 313 262 202 142 0\n0 84 143 139 198 257 312 300 240 252 197 138 0\n0 420 60 72 18 19 24 23 22 1 0\n0 40 100 160 220 279 399 340 248 334 274 273 213 153 0\n0 37 46 47 106 107 167 108 9 43 42 41 0\n0 45 65 125 225 174 115 10 51 50 0\n0 4 64 124 184 217 166 157 97 0\n0 27 87 67 147 127 207 206 146 86 26 0\n0 15 76 71 136 195 254 353 293 194 180 233 134 0\n0 129 189 283 249 342 282 223 162 0\n0 90 210 261 270 321 330 381 362 302 242 208 0\n0 16 135 255 315 256 191 196 131 179 119 59 0\n0 341 396 401 402 343 309 403 369 408 407 348 288 0\n0 211 212 187 247 267 325 380 301 320 260 0\n0 73 133 193 241 253 203 126 144 66 79 0\n0 0\n0 0\n0 0\n1.000"
    }
}

